#   Time      Description            MOTFlour0   MOTPower1     OTEvap4   BiasShunt   Disorder5    PushCoil    OTPower7      Cross6
25231 14.9544 test                    0.888991   -0.002443    0.004883    0.000421   -0.002441    0.000048    0.000000   -0.002441
25232 14.9725 test                    0.859693    0.000000    0.002441    0.000396   -0.002441    0.000045   -0.007324   -0.002441
25233 15.0128                         0.881666    0.002443    0.002441    0.000841   -0.002441    0.000044    0.529793   -0.002441
25234 15.0356 test                    1.013504   -0.002443    0.000000    0.000866    0.000000    0.000042    0.520027    0.000000
25235 15.6939                         0.842603    0.000000    0.002441    0.000124   -0.002441    0.000042    0.539559    0.000000
25236 15.7161                         0.842603    0.002443    0.002441    0.000643    0.002441    0.000042    0.537118   -0.002441
25237 15.7372                         0.827955   -0.002443    0.002441    0.000371    0.000000    0.000044    0.522469    0.002441
25238 15.7642                         0.901198   -0.002443   -0.002441    0.000520    0.000000    0.000045    0.546883    0.000000
25239 15.7928                         0.813306    0.002443    0.000000    0.000693    0.002441    0.000043    0.539559    0.000000
25240 15.8658 test                    0.827955   -0.007328   -0.002441    0.000569    0.000000    0.000039    0.532235   -0.002441
25241 15.9311 test0.1                 0.869459   -0.002443    0.000000    0.000322   -0.002441    0.000040    0.549325    0.000000
25242 16.0544                         0.869459    0.002443   -0.002441    0.000025    0.002441    0.000040    0.542000    0.002441
25243 16.1311                         0.910964    0.000000   -0.002441    0.000322    0.000000    0.000040    0.544442    0.000000
25244 16.2075                         0.874342    0.019541   -0.002441    0.000297   -0.002441    0.000041    0.544442    0.002441
25245 16.3411 test0.1v                0.950027    0.002443    0.004883    0.000099   -0.002441    0.000041    0.551766    0.000000
25246 16.3728                         0.864576    0.000000    0.002441    0.000297    0.002441    0.000042    0.549325    0.000000
25247 17.4644                         0.818189    0.004885    0.002441   -0.000074   -0.002441    0.000042    0.539559    0.000000
25248 17.5200                         0.744945    0.000000    0.002441    0.000198    0.000000    0.000043    0.529793    0.000000
25249 17.9269 testmon0.5v             0.967117    0.002443    0.002441    0.000161    0.000000    0.000043    0.532235   -0.002441
25250 17.9831 testmon5.0v             0.967117    0.000000    0.000000    0.000223    0.002441    0.000043    0.529793    0.000000
25251 18.0889 testmon4v               0.920729    0.000000    0.004883   -0.000025   -0.002441    0.000040    0.539559    0.000000
25252 18.1431 testmon7.0v             0.976883   -0.002443   -0.002441    0.000322   -0.002441    0.000041    0.539559   -0.002441
25253 18.1994 testmon9.0v             0.930495    0.002443   -0.002441    0.000173   -0.002441    0.000041    0.524910    0.002441
25254 18.2194 testmon0.3v             0.962234   -0.002443   -0.002441    0.000421    0.002441    0.000040    0.529793   -0.002441
25255 18.2794 test9.0v                0.964675    0.002443    0.002441    0.000322    0.002441    0.000041    0.544442    0.000000
25256 18.3186                         0.827955    0.002443    0.002441    0.000346    0.000000    0.000041    0.544442   -0.002441
25257 18.3594                         0.876783    0.002443   -0.002441    0.000544   -0.002441    0.000040    0.537118    0.002441
25258 18.4008                         0.906081    0.019541   -0.002441    0.000297   -0.002441    0.000041    0.532235    0.000000
25259 18.4836 test8.0v                0.937819    0.002443   -0.002441    0.000297   -0.002441    0.000039    0.542000   -0.002441
25260 18.5697                         0.842603   -0.004885    0.000000   -0.000025   -0.002441    0.000040    0.532235    0.000000
25261 18.6761                         0.840162    0.000000    0.000000    0.000049   -0.002441    0.000041    0.549325   -0.002441
25262 18.6978                         0.918288    0.000000   -0.002441    0.000445    0.000000    0.000040    0.554208   -0.002441
25263 18.7303                         0.888991   -0.002443   -0.002441   -0.000099    0.000000    0.000044    0.532235   -0.002441
25264 18.7594                         0.874342    0.000000    0.000000    0.000148    0.000000    0.000042    0.134279   -0.002441
25265 18.7803                         0.874342   -0.004885    0.000000    0.000247   -0.002441    0.000045   -0.009766    0.002441
25266 18.8614                         0.871901   -0.007328    0.000000   -0.000322   -0.002441    0.000044    0.000000    0.002441
25267 18.8844 test                    0.932937    0.000000   -0.002441    0.000359    0.002441    0.000039    0.136721    0.000000
25268 18.9103                         0.923171    0.002443   -0.002441    0.000322    0.000000    0.000041    0.153811   -0.002441
25269 18.9511                         0.910964   -0.002443    0.000000    0.000148    0.002441    0.000040    0.039063   -0.002441
25270 18.9694                         0.901198   -0.002443    0.002441    0.000173   -0.002441    0.000037    0.058595   -0.002441
25271 18.9989                         0.896315    0.000000   -0.002441    0.000272   -0.002441    0.000042    0.036622    0.002441
25272 19.0186                         0.881666   -0.002443    0.002441    0.000272   -0.002441    0.000040    0.039063    0.000000
25273 19.0697 test                    0.871901   -0.004885    0.004883   -0.000198    0.000000    0.000044   -0.009766   -0.002441
25274 19.0956                         0.908522    0.000000    0.000000    0.000520   -0.002441    0.000038    0.046387    0.000000
25275 19.1200 test                    0.923171    0.000000    0.002441    0.000247    0.000000    0.000039    0.039063   -0.002441
25276 19.1494 testolap                0.974441    0.002443    0.002441    0.000247    0.000000    0.000040    0.056153    0.002441
25277 19.1719                         0.932937    0.002443    0.002441    0.000198    0.002441    0.000044    0.009766    0.002441
25278 19.2256                         0.903639    0.002443    0.000000   -0.000099    0.002441    0.000038    0.048829    0.002441
25279 19.2644 test                    0.896315    0.002443   -0.002441    0.000148    0.000000    0.000039    0.039063   -0.002441
25280 19.3053                         0.832837    0.002443   -0.002441    0.000074    0.000000    0.000039    0.036622    0.000000
25281 19.5108                         0.910964    0.002443    0.000000   -0.000371   -0.002441    0.000042    0.546883    0.002441
25282 19.5364 test                    0.950027    0.017098    0.000000   -0.000025   -0.002441    0.000042    0.537118    0.000000
25283 19.5597                         0.893874    0.007328    0.000000    0.000247    0.000000    0.000043    0.537118    0.000000
25284 19.5872                         0.884108    0.000000   -0.004883    0.000148    0.000000    0.000044    0.537118    0.002441
25285 19.6256                         0.835279    0.002443   -0.002441    0.000371    0.000000    0.000042    0.549325    0.000000
25286 19.6628                         0.803540   -0.002443    0.004883    0.000346    0.000000    0.000042    0.532235    0.000000
25287 19.6867                         0.815747    0.002443    0.002441    0.000346   -0.002441    0.000040    0.539559   -0.002441
25288 19.7233                         0.864576    0.002443   -0.002441    0.000223    0.000000    0.000041    0.144045   -0.002441
25289 19.7672                         0.810864    0.002443    0.004883    0.000297   -0.002441    0.000041    0.146487    0.000000
25290 19.7925                         0.835279    0.000000    0.002441    0.000470    0.002441    0.000040    0.153811   -0.002441
25291 19.8378 test                    0.830396    0.000000    0.004883    0.000223   -0.002441    0.000040    0.144045   -0.002441
25292 19.8606                         0.871901   -0.009770   -0.002441    0.000371    0.000000    0.000040    0.161135    0.000000
25293 19.8831                         0.903639   -0.002443    0.004883    0.000223    0.002441    0.000039    0.141604   -0.002441
25294 19.9006                         0.818189    0.002443    0.002441    0.000247    0.000000    0.000039    0.146487    0.000000
25295 19.9178                         0.842603   -0.002443   -0.002441    0.000445    0.002441    0.000041    0.141604    0.000000
25296 19.9344                         0.857252   -0.002443    0.002441    0.000606   -0.002441    0.000043    0.141604   -0.002441
25297 19.9531                         0.869459    0.002443   -0.002441    0.000544   -0.002441    0.000043    0.146487   -0.002441
25298 19.9697                         0.845045   -0.002443   -0.002441    0.000371    0.002441    0.000044    0.161135    0.002441
25299 19.9897                         0.815747    0.002443    0.000000    0.000371   -0.002441    0.000044    0.148928    0.000000
25300 20.0128                         0.793774    0.009770    0.004883    0.000433    0.000000    0.000044    0.141604    0.000000
25301 20.0372                         0.813306    0.000000    0.000000    0.000371   -0.002441    0.000042    0.141604   -0.002441
25302 20.2400 test                    0.876783   -0.002443    0.004883   -0.000074   -0.002441    0.000040    0.554208   -0.002441
25303 20.3047                         0.845045    0.000000   -0.002441   -0.000148   -0.002441    0.000041    0.549325    0.000000
25304 20.3219                         0.864576    0.000000    0.000000   -0.000099   -0.002441    0.000039    0.539559   -0.002441
25305 20.3383                         0.842603    0.002443    0.000000    0.000173    0.000000    0.000040    0.534676   -0.002441
25306 20.3553                         0.888991   -0.002443    0.000000    0.000099    0.002441    0.000042    0.534676   -0.002441
25307 20.3725                         0.879225   -0.007328   -0.002441    0.000272   -0.002441    0.000043    0.561532   -0.002441
25308 20.3897                         0.854810    0.000000    0.002441    0.000396    0.002441    0.000043    0.559091    0.000000
25309 20.4069                         0.854810    0.000000   -0.004883    0.000619    0.004883    0.000044    0.534676   -0.002441
25310 20.4261                         0.776684   -0.002443    0.000000    0.000445    0.002441    0.000045    0.539559    0.000000
25311 20.4428                         0.796216    0.002443    0.002441    0.000346   -0.002441    0.000042    0.546883    0.002441
